x <- 1+1

y <- 2+2

z <- 3+3

a <- 4+4

z <- 5+5
